%YAML:1.0

i_T_c: !!opencv-matrix
   rows: 4
   cols: 4
   dt: d
   data: [ 0.99990971,0.00598841,0.01202936,-0.15356195,
           -0.01203152,0.00032602,0.99992757,0.24920385,
           0.00598405,-0.99998202,0.00039804,0.03644212,
           0.00000000,0.00000000,0.00000000,1.00000000]

ref_T_i: !!opencv-matrix
   rows: 4
   cols: 4
   dt: d
   data: [ 0.99984623,0.01745238,-0.00171460,0.00000000,
           -0.01744933,0.99984617,0.00177552,0.47000000,
           0.00174533,-0.00174533,0.99999695,-0.04000000,
           0.00000000,0.00000000,0.00000000,1.0000000]