%YAML:1.0

i_T_c: !!opencv-matrix
   rows: 4
   cols: 4
   dt: d
   data: [ 0.99996803,-0.00538966,-0.00590623,-0.15359665,
           0.00594752,0.00767730,0.99995284,0.76277326,
           -0.00534406,-0.99995600,0.00770911,0.17827506,
           0.00000000,0.00000000,0.00000000,1.00000000]

ref_T_i: !!opencv-matrix
   rows: 4
   cols: 4
   dt: d
   data: [ 1.00000000,0.00000000,0.00000000,0.01250000,
           0.00000000,1.00000000,0.00000000,-0.16500000,
           0.00000000,0.00000000,1.00000000,0.14990000,
           0.00000000,0.00000000,0.00000000,1.00000000]

i_t_g: !!opencv-matrix
   rows: 1
   cols: 3
   dt: d
   data: [ -0.0125, -0.30, 0.2091]